4294967279,529
4294967278,340
4294967278,354
4294967278,339
4294967279,527
4294967278,353
4294967279,542
4294967278,37
4294967278,35
4294967278,33
4294967278,27
4294967279,37
4294967279,31
4294967279,25
4294967279,23
4294967294,12
4294967278,338
4294967278,328
4294967278,256
4294967278,324
4294967278,282
4294967278,362
4294967278,235
4294967278,229
4294967278,360
4294967278,304
4294967278,303
4294967278,219
4294967278,36
4294967278,31
4294967278,293
4294967278,26
4294967278,25
4294967278,24
4294967278,289
4294967278,22
4294967278,20
4294967278,15
4294967278,14
4294967278,12
4294967279,517
4294967279,131
4294967279,130
4294967279,129
4294967279,568
4294967279,127
4294967279,122
4294967279,242
4294967279,117
4294967279,116
4294967279,563
4294967279,113
4294967279,112
4294967279,110
4294967279,555
4294967279,312
4294967279,307
4294967279,301
4294967279,300
4294967279,298
4294967279,61
4294967279,295
4294967279,57
4294967279,49
4294967279,41
4294967279,29
4294967279,27
4294967279,26
4294967279,20
4294967279,18
4294967279,17
4294967279,15
4294967279,12
4294967278,43
4294967278,344
4294967294,477
4294967278,254
4294967278,372
4294967279,250
4294967278,253
4294967278,246
4294967279,241
4294967278,234
4294967278,232
4294967278,226
4294967279,225
4294967278,224
4294967278,214
4294967278,210
4294967279,209
4294967279,208
4294967278,204
4294967278,203
4294967278,197
4294967278,194
4294967278,192
4294967278,191
4294967278,190
4294967278,189
4294967278,182
4294967279,182
4294967278,181
4294967278,180
4294967278,178
4294967279,178
4294967279,176
4294967278,175
4294967279,175
4294967278,173
4294967278,170
4294967279,170
4294967279,162
4294967279,148
4294967279,141
4294967279,140
4294967279,139
4294967279,138
4294967279,133
4294967278,133
4294967278,276
4294967278,288
4294967279,279
4294967279,264
4294967279,263
4294967279,257
4294967279,256
4294967278,262
4294967279,255
4294967279,254
4294967278,258
4294967278,257
4294967278,327
4294967279,558
4294967279,557
4294967279,331
4294967279,249
4294967278,250
4294967278,248
4294967278,247
4294967279,246
4294967278,244
4294967278,450
4294967279,239
4294967278,449
4294967279,233
4294967279,234
4294967278,233
4294967279,231
4294967279,229
4294967279,230
4294967278,222
115,7
115,6
4294967278,220
115,5
115,4
115,3
115,2
115,1
4294967278,217
4294967278,215
4294967279,330
4294967278,319
4294967294,120
4294967294,114
4294967279,210
4294967278,209
4294967278,317
4294967279,311
4294967278,206
4294967279,206
4294967294,395
4294967294,413
4294967294,168
4294967294,403
4294967294,1005
4294967294,404
4294967294,448
4294967294,459
4294967294,1095
4294967278,200
4294967279,195
4294967279,196
4294967279,575
4294967279,193
4294967278,312
4294967279,192
4294967294,1000
4294967294,1421
4294967278,310
4294967279,187
111,5
111,4
111,3
111,2
111,1
4294967278,448
4294967294,1422
109,6
4294967294,392
4294967294,390
4294967294,115
4294967279,59
4294967278,302
4294967279,294
4294967279,169
4294967294,38
4294967279,293
4294967278,300
109,5
109,4
109,3
109,2
109,1
4294967278,50
4294967294,40
4294967278,160
4294967279,160
4294967278,159
4294967279,159
4294967278,158
4294967294,161
4294967294,1011
4294967294,1002
4294967294,421
4294967294,1013
4294967294,1174
4294967278,45
4294967278,298
4294967279,156
4294967279,329
107,6
4294967278,41
4294967294,1423
4294967278,153
4294967279,43
4294967279,525
4294967278,337
4294967279,153
107,5
4294967278,152
4294967279,151
4294967278,151
107,4
4294967279,150
107,3
107,2
107,1
4294967279,149
4294967279,146
4294967278,148
4294967279,36
106,5
4294967279,145
4294967279,144
106,4
106,3
106,2
106,1
4294967278,143
4294967279,142
4294967278,292
4294967279,522
4294967279,521
4294967279,272
4294967279,136
4294967278,134
105,5
4294967279,135
105,4
4294967278,135
105,3
105,2
105,1
4294967279,134
4294967279,284
4294967279,271
4294967278,287
4294967279,270
4294967278,275
4294967279,283
104,5
4294967278,274
4294967279,282
4294967278,273
104,4
4294967279,277
104,3
104,2
104,1
4294967279,569
4294967278,270
4294967278,269
4294967278,268
4294967278,331
4294967279,276
4294967279,261
4294967278,265
4294967279,275
4294967278,368
4294967279,258
4294967278,264
4294967278,285
4294967279,253
102,4
102,3
102,2
102,1
4294967279,328
4294967279,536
4294967279,518
4294967278,381
4294967279,314
4294967278,326
4294967294,186
4294967294,1001
4294967294,179
4294967294,1176
4294967294,1173
4294967294,457
4294967294,164
4294967279,252
4294967278,255
4294967294,44
4294967278,363
4294967294,91
4294967294,87
4294967294,85
4294967294,84
4294967294,53
4294967294,427
4294967294,41
4294967294,37
4294967294,36
4294967294,39
4294967279,512
4294967279,251
4294967279,318
4294967279,317
4294967279,14
4294967294,43
4294967278,382
4294967278,132
4294967278,131
4294967278,130
4294967278,129
4294967278,128
4294967278,127
4294967278,126
4294967278,125
4294967278,124
4294967278,123
4294967278,252
4294967278,122
4294967278,121
4294967278,249
4294967278,120
4294967278,119
4294967278,245
4294967278,118
4294967278,117
4294967278,115
4294967278,114
4294967278,113
4294967278,112
4294967278,111
4294967278,110
4294967278,109
4294967278,108
4294967278,107
4294967278,106
4294967278,105
4294967278,383
4294967278,104
4294967278,103
4294967278,102
4294967278,101
4294967278,100
4294967278,99
4294967278,98
4294967278,380
4294967278,97
4294967278,96
4294967278,95
4294967278,379
4294967278,94
4294967278,93
4294967278,341
4294967278,92
4294967278,316
4294967278,91
4294967278,90
4294967278,89
4294967278,87
4294967278,86
4294967278,85
4294967278,84
4294967278,83
4294967278,82
4294967278,81
4294967278,79
4294967278,78
4294967278,77
